iterNo = 16291.000000;
